254 221 0
255 215 0
254 80 0
249 66 58
239 51 64
206 0 88
225 0 152
187 41 187
68 0 153
16 6 159
0 20 137
0 133 202
0 171 132
45 41 38
242 240 161
252 174 187
241 178 220
191 155 222
116 209 234
157 231 215
158 151 142
0 154 206
68 214 44
255 233 0
255 170 77
255 114 118
255 62 181
234 39 194
132 117 78
133 113 77
134 109 75
139 111 78
135 103 79
139 99 75
138 141 143
255 217 0
255 94 0
249 56 34
206 0 86
214 37 152
78 0 142
0 35 156
0 132 202
0 176 139
34 34 35
246 235 97
247 234 72
252 227 0
197 169 0
175 152 0
137 122 39
245 225 164
236 216 152
238 212 132
244 218 64
242 205 0
241 196 0
203 160 82
249 229 71
251 225 34
254 219 0
255 209 0
218 170 0
170 138 0
156 132 18
250 224 83
251 221 64
253 218 36
255 205 0
201 151 0
172 132 0
137 115 34
243 221 109
243 213 78
243 208 62
242 169 0
204 138 0
160 116 0
108 87 27
248 224 142
251 216 114
255 200 69
255 184 28
198 146 20
173 132 31
136 107 37
251 219 101
253 215 87
254 209 65
255 199 44
234 170 0
181 133 0
154 118 17
255 198 0
255 181 0
209 144 0
180 126 0
115 83 29
90 69 34
75 61 42
210 159 19
183 139 32
159 125 35
150 113 38
143 106 42
125 98 46
108 93 52
253 210 110
255 198 88
255 191 63
255 163 0
222 124 0
175 109 4
116 83 28
253 208 134
255 197 110
255 181 73
255 158 27
213 120 0
153 96 23
110 76 30
242 199 92
241 190 72
241 180 52
237 139 0
207 127 0
167 109 17
113 92 42
246 190 0
240 179 35
254 173 119
230 166 93
211 130 53
220 134 51
193 108 24
189 155 96
214 154 45
219 138 6
205 121 37
173 100 51
137 83 47
119 81 53
215 136 37
211 131 43
198 125 48
182 114 51
167 102 43
158 106 56
131 93 50
252 200 155
253 190 135
253 170 99
246 141 46
234 118 0
212 93 0
190 77 0
254 203 139
255 194 123
255 178 91
255 130 0
229 114 0
190 106 20
155 90 26
239 209 159
239 190 125
236 161 84
232 119 34
203 96 21
161 86 28
96 61 32
255 174 98
255 143 28
255 105 0
185 71 0
148 69 11
101 56 25
255 185 144
255 160 106
255 127 50
255 106 19
216 96 24
166 85 35
139 71 32
255 190 159
255 157 110
255 127 65
255 103 31
227 82 5
190 83 28
115 56 29
219 134 78
224 126 60
220 107 47
220 88 42
192 81 49
134 74 51
103 71 54
255 163 139
255 141 109
255 106 57
252 76 2
220 68 5
169 67 30
131 57 33
255 179 171
255 134 116
255 92 57
250 70 22
207 69 32
150 56 33
107 53 41
196 98 45
186 88 38
175 92 55
158 83 48
146 76 46
123 77 53
92 71 56
212 181 158
192 125 89
177 85 51
157 67 44
124 58 45
107 61 46
92 61 49
209 65 36
189 71 42
179 61 38
141 63 43
131 65 44
123 73 49
103 66 48
228 213 211
225 187 180
214 147 138
194 110 96
164 73 61
130 59 52
104 52 49
221 188 176
202 154 142
188 138 126
163 127 116
134 103 97
107 76 76
88 61 62
234 190 176
192 156 131
180 106 85
171 92 87
164 82 72
154 106 79
138 57 27
236 195 178
236 186 168
234 167 148
232 146 124
218 41 28
154 51 36
101 48 36
255 177 187
255 128 139
255 88 93
224 60 49
190 58 52
129 49 47
255 163 181
255 141 161
248 72 94
238 39 55
210 38 48
175 39 47
124 37 41
252 175 192
251 99 126
244 54 76
203 51 59
164 52 58
100 51 53
198 110 78
192 76 54
183 49 44
171 35 40
147 39 44
138 42 43
128 47 45
225 82 61
198 53 39
167 43 42
158 42 43
109 51 50
99 50 49
87 45 45
230 186 168
229 106 84
224 78 57
205 84 91
176 74 90
155 34 66
101 29 50
250 187 203
252 155 179
246 82 117
228 0 43
200 16 46
166 25 46
118 35 47
236 199 205
232 156 174
223 70 97
213 0 50
186 12 47
157 34 53
134 38 51
248 163 188
246 117 153
239 66 111
228 0 70
191 13 62
155 39 67
120 47 64
245 182 205
245 155 187
239 74 129
224 0 77
197 0 62
166 9 61
138 21 56
245 218 223
247 206 215
249 181 196
248 144 165
239 96 121
224 62 82
203 44 48
242 212 215
244 195 204
242 172 185
230 134 153
210 91 115
184 58 75
158 42 47
236 179 203
231 130 169
224 69 123
206 0 55
165 0 52
134 31 65
111 38 61
249 159 201
245 126 182
240 78 152
227 28 121
206 15 105
172 20 90
125 34 72
244 205 212
224 98 135
226 69 133
181 37 85
164 18 63
151 27 47
106 44 62
214 201 202
196 164 167
193 103 132
198 54 99
188 32 75
145 47 70
126 45 64
234 190 219
229 109 177
218 24 132
165 0 80
145 0 72
108 29 69
147 109 115
147 64 84
142 44 72
115 46 74
103 46 69
88 45 64
80 43 58
239 149 207
235 111 189
223 25 149
208 0 111
170 0 97
137 12 88
103 33 70
244 166 215
242 119 198
233 60 172
198 0 126
162 0 103
132 11 85
234 211 226
230 188 216
223 160 201
217 134 186
198 87 154
174 37 115
150 0 81
229 206 219
227 200 216
222 190 210
201 150 182
176 108 150
153 72 120
124 40 85
228 198 212
220 182 201
208 161 186
190 132 163
167 99 137
137 59 103
97 33 65
235 190 203
232 179 195
228 169 187
213 146 170
132 52 78
111 44 63
87 41 50
226 188 203
220 169 191
201 128 158
181 92 128
167 58 100
155 50 89
135 38 81
233 205 208
228 190 195
215 163 171
196 132 144
180 107 122
152 72 86
137 60 71
242 198 207
241 189 200
233 162 178
220 134 153
143 50 55
127 48 53
93 42 44
233 196 199
229 186 193
218 165 173
198 133 143
122 62 58
106 55 53
81 47 46
223 194 195
219 183 187
204 161 166
176 124 131
156 97 105
135 75 82
63 32 33
241 167 220
236 134 208
228 93 191
219 62 177
197 41 155
175 22 133
128 34 95
239 186 225
226 119 205
213 57 181
200 0 161
176 0 142
158 0 126
131 0 101
234 184 228
229 155 220
221 127 211
199 36 177
187 22 163
165 24 144
128 39 108
165 110 135
168 61 114
153 30 102
138 27 97
114 34 87
106 42 91
94 39 81
231 186 228
221 156 223
201 100 207
173 26 172
152 29 151
114 36 108
235 198 223
230 190 221
226 172 215
212 139 200
147 50 142
131 49 119
97 44 81
238 218 234
204 174 208
213 158 215
178 136 185
162 119 166
159 92 192
150 60 189
215 169 227
201 139 219
172 79 198
155 38 182
135 24 157
119 37 131
101 49 101
148 135 148
162 120 156
161 90 149
142 58 128
110 43 98
106 52 96
93 55 84
213 194 216
201 177 208
186 156 197
165 127 178
100 47 108
89 49 95
75 48 72
219 205 211
208 190 199
198 176 188
175 149 166
134 100 122
102 67 90
74 48 65
216 200 209
211 192 205
191 165 184
155 119 147
126 84 117
105 60 94
81 42 68
223 200 231
215 185 228
202 162 221
181 128 209
128 49 167
112 47 138
87 44 95
214 191 221
198 161 207
140 71 153
109 32 119
100 38 103
93 40 95
81 40 79
203 163 216
184 132 203
160 94 181
132 50 155
112 32 130
103 30 117
95 33 103
153 145 164
141 110 151
122 65 131
107 48 119
101 50 121
94 54 110
92 78 99
193 160 218
167 123 202
130 70 175
92 6 140
80 7 120
71 10 104
60 16 83
215 198 230
193 167 226
144 99 205
117 59 189
95 37 159
88 44 131
81 45 109
197 180 227
173 150 220
150 120 211
125 85 199
51 0 114
46 26 71
180 181 223
149 149 210
116 116 193
36 19 95
33 21 81
32 23 71
34 28 53
167 164 224
139 132 215
104 91 199
46 0 139
40 0 113
37 14 98
32 21 71
110 124 160
104 110 159
97 94 155
86 82 148
81 70 137
76 65 132
83 84 134
221 218 232
182 184 220
167 162 195
137 134 202
93 71 119
75 56 76
65 39 59
135 140 180
124 127 171
117 102 160
111 80 145
104 71 141
86 61 130
82 49 120
229 225 230
224 219 227
198 188 208
161 146 178
124 105 146
97 75 121
63 42 86
216 215 223
198 196 210
179 176 196
141 137 165
89 84 120
64 58 96
30 26 52
197 207 218
187 199 214
162 178 200
142 159 188
27 54 93
31 42 68
28 31 42
217 225 226
164 188 194
152 164 174
118 134 146
66 85 99
37 55 70
19 30 41
185 211 220
163 199 210
141 185 202
107 164 184
0 61 76
0 49 60
7 43 49
191 206 214
183 201 211
166 187 200
122 153 172
91 127 149
79 117 139
8 31 44
209 221 230
198 214 227
155 184 211
125 161 196
94 138 180
35 97 146
0 46 93
219 226 233
206 217 229
167 188 214
125 155 193
50 98 149
0 58 112
0 37 84
221 229 237
200 216 235
177 201 232
123 164 219
64 126 201
0 53 148
0 26 112
189 197 219
137 171 227
128 148 221
123 166 222
95 143 180
58 93 174
96 110 178
203 211 235
159 174 229
72 92 199
30 34 170
23 28 143
21 31 109
20 27 77
184 204 234
92 136 218
0 71 187
6 3 141
0 24 113
0 30 98
7 29 73
195 215 238
167 198 237
48 127 226
0 26 114
0 30 96
19 41 75
171 202 233
139 184 232
65 143 222
1 33 105
0 32 91
4 30 66
146 193 233
108 172 228
0 114 206
0 51 160
0 48 135
0 45 114
12 35 64
148 169 203
103 135 183
66 109 169
56 94 157
44 86 151
29 79 145
29 66 138
198 218 231
189 214 230
164 200 225
123 175 212
0 60 113
0 48 87
0 38 58
185 217 235
155 203 235
105 179 231
0 61 165
0 47 108
0 40 85
4 28 44
141 200 232
98 181 229
0 156 222
0 87 184
0 76 151
0 56 101
0 38 62
113 197 232
65 182 230
0 163 224
0 94 184
0 75 135
0 59 92
0 42 58
70 152 203
41 143 194
0 118 168
0 98 152
0 85 135
0 73 118
1 66 106
153 214 234
91 194 231
0 169 224
0 119 200
0 98 155
0 79 113
0 62 81
123 167 188
99 153 174
78 135 160
65 116 141
52 101 127
22 92 125
0 87 118
187 221 230
113 178 201
66 152 181
0 134 191
0 125 186
0 85 140
0 43 73
154 219 232
89 203 232
0 181 226
0 107 166
0 88 124
0 59 73
164 219 232
139 211 230
78 195 224
0 175 215
0 149 200
0 130 186
0 103 160
72 169 197
0 156 189
0 133 173
0 112 150
0 106 142
0 97 127
0 86 112
184 221 225
155 211 221
119 197 213
62 177 200
0 147 178
0 115 150
0 95 131
106 209 227
5 195 222
0 169 206
0 146 188
0 127 163
0 103 127
0 72 81
104 210 223
0 193 213
0 174 199
0 142 170
0 119 139
0 98 114
0 79 89
99 177 188
0 167 181
0 151 169
0 133 155
0 125 138
0 118 128
0 98 105
177 228 227
136 219 223
45 204 211
0 156 166
0 140 149
0 115 119
0 95 97
160 209 202
64 193 172
0 176 185
0 163 173
0 115 152
0 95 134
0 90 112
126 221 211
92 184 178
39 153 137
0 118 129
72 122 123
13 82 87
36 76 90
182 207 208
171 199 202
148 183 187
127 169 174
79 134 142
17 94 103
7 39 45
0 150 143
0 133 125
0 118 114
0 109 104
0 99 91
0 94 93
0 81 81
156 219 217
100 204 201
0 178 169
0 134 117
0 115 103
0 104 94
0 83 76
113 219 212
42 210 201
0 191 179
0 164 153
0 133 120
0 89 79
0 76 69
124 224 211
44 213 196
0 199 177
0 179 152
0 150 129
0 120 100
0 78 66
109 205 184
73 197 177
0 171 142
0 155 119
0 130 100
0 106 82
3 70 56
185 220 210
161 214 202
134 200 188
107 187 174
0 111 98
0 89 76
29 60 52
181 227 216
165 223 211
152 219 206
107 202 186
0 129 109
0 108 91
23 63 53
173 202 184
154 190 170
133 176 154
111 162 135
40 114 79
32 92 64
40 71 52
191 206 194
167 189 177
146 172 160
127 156 144
92 127 113
67 105 91
24 48 40
186 197 185
176 189 176
163 178 164
148 165 150
112 133 115
94 116 97
34 55 43
188 201 197
177 192 188
157 176 172
130 153 149
93 121 117
62 93 88
24 51 47
209 224 215
183 205 194
154 185 173
120 159 144
80 127 112
40 92 77
19 50 43
167 230 215
140 226 208
60 219 192
0 151 117
0 123 95
0 102 79
143 214 189
110 206 178
0 179 136
0 150 94
0 122 83
0 103 71
17 87 64
80 166 132
0 150 108
0 135 85
0 123 75
0 111 68
0 104 69
0 88 68
122 225 191
71 215 172
0 195 137
0 175 102
0 119 73
0 99 65
21 71 52
160 218 179
145 214 172
113 204 152
0 154 68
0 132 61
4 106 56
44 82 52
162 228 184
143 226 176
128 224 167
0 177 64
0 150 57
0 122 51
33 87 50
155 227 191
38 208 124
0 191 111
0 183 79
0 159 77
39 93 56
0 87 63
75 149 96
34 136 72
0 122 62
0 112 65
40 97 64
54 87 59
57 85 66
107 165 57
72 162 63
49 155 66
58 145 63
68 136 62
74 119 60
68 105 61
173 220 145
161 216 132
108 194 74
67 176 42
80 158 47
76 140 43
74 119 41
208 222 187
188 225 148
142 221 101
120 214 75
116 170 80
113 153 73
121 134 60
194 225 137
183 221 121
164 214 94
120 190 32
100 167 11
101 141 27
84 98 35
212 235 142
205 234 128
197 232 108
151 215 0
132 189 0
122 154 1
89 98 29
196 214 164
188 209 155
183 206 149
169 196 127
120 157 74
103 130 58
78 91 49
208 209 171
198 200 155
186 189 139
162 165 105
138 141 74
109 113 46
61 68 30
210 206 158
203 199 147
192 187 135
175 169 110
160 153 88
137 129 61
85 80 37
195 198 168
179 185 149
163 170 131
137 144 100
115 123 76
94 103 56
62 72 39
191 204 128
187 197 146
156 175 136
143 153 62
118 136 29
122 114 86
91 98 54
186 188 22
171 173 35
153 155 48
136 141 48
124 128 52
114 115 55
101 102 53
226 232 104
219 228 66
206 220 0
196 214 0
168 173 0
148 147 0
120 113 33
233 236 107
227 233 53
224 231 33
208 223 0
181 189 0
154 149 0
130 122 4
227 228 141
224 226 124
219 222 112
210 215 85
183 191 16
142 140 19
98 93 32
240 236 116
237 233 57
236 232 26
225 224 0
191 184 0
173 164 0
160 146 0
243 234 93
243 229 0
239 223 0
238 220 0
187 166 0
154 135 0
104 92 32
241 235 156
240 233 145
240 232 123
237 224 75
234 218 36
225 205 0
207 181 0
235 228 154
233 225 134
230 222 119
225 213 85
215 200 38
196 176 0
179 155 0
233 223 151
228 215 126
222 205 99
217 199 86
184 157 24
162 142 42
105 91 36
220 213 154
214 207 141
208 200 131
192 181 97
172 159 60
159 145 42
138 123 25
202 182 75
207 176 35
193 160 30
160 134 41
137 118 48
115 102 53
103 94 51
212 195 4
196 178 0
145 133 44
116 113 54
93 100 57
88 92 59
83 84 53
187 179 35
180 169 31
170 157 46
143 126 53
113 97 53
99 89 57
78 73 52
213 203 159
207 196 147
197 183 131
179 163 105
153 133 66
140 119 50
97 79 37
202 199 167
191 187 152
176 170 126
155 148 95
89 74 37
82 71 39
74 65 42
241 230 178
223 209 167
217 200 158
206 184 136
168 153 104
148 121 93
129 96 64
221 203 164
211 188 141
198 170 118
185 151 91
139 91 41
116 79 40
92 70 43
239 219 178
252 210 153
225 184 127
214 164 97
198 137 63
183 119 41
166 99 27
237 200 163
231 183 138
221 164 111
200 130 66
179 105 36
147 77 17
125 63 22
243 207 179
241 198 167
240 191 155
229 158 109
184 97 37
164 90 42
105 63 35
224 192 159
217 180 143
205 160 119
181 129 80
158 101 46
119 66 18
98 52 18
224 198 173
220 191 166
205 167 136
191 148 116
173 124 89
148 96 55
79 44 29
225 183 167
213 162 134
197 139 104
153 85 43
133 67 30
109 79 71
94 75 60
215 196 183
205 181 167
192 163 146
174 138 121
149 108 88
124 77 58
91 52 39
219 200 182
211 187 168
198 169 146
170 128 102
112 63 42
98 59 42
78 54 41
214 210 196
197 185 172
183 169 154
163 147 130
122 104 85
99 81 61
71 55 41
209 204 189
183 176 156
166 159 136
167 172 162
148 154 144
142 144 137
75 79 84
208 211 212
193 198 200
162 170 173
124 135 142
91 103 112
51 63 72
29 37 45
199 201 199
178 180 178
158 162 162
137 141 141
112 115 114
84 88 90
37 40 42
190 198 196
162 172 171
145 157 157
113 124 125
80 87 89
63 68 68
55 58 54
186 187 177
168 169 158
145 147 136
126 127 116
101 102 92
81 83 74
33 35 34
196 191 182
175 169 160
157 150 141
140 133 123
119 110 100
105 97 88
196 188 183
178 168 162
151 140 135
133 120 116
116 102 97
94 81 77
56 47 45
208 196 197
193 178 182
171 152 157
123 100 105
88 68 70
69 53 54
56 46 44
215 210 203
203 196 188
191 184 175
182 173 165
172 163 154
165 156 148
150 140 131
140 130 121
131 120 111
121 110 101
110 98 89
217 217 214
208 208 206
200 201 199
187 188 188
177 179 179
167 168 170
151 153 155
136 139 141
117 120 123
99 102 106
83 86 90
51 47 33
33 39 33
49 38 29
62 43 46
16 24 32
61 57 53
